0 0.03125 0.490625 0.0265625 0.490625 0.0234375 0.503125 0.015625 0.4984375 0.0109375 0.503125 0.0125 0.5359375 0.025 0.55625 0.028125 0.55625 0.04375 0.546875 0.0484375 0.5390625 0.040625 0.5046875 0.0375 0.496875
0 0.2640625 0.525 0.25 0.5359375 0.246875 0.5578125 0.253125 0.5765625 0.2578125 0.5796875 0.265625 0.578125 0.26875 0.5703125
0 0.2046875 0.5609375 0.190625 0.575 0.1890625 0.6125 0.209375 0.61875
0 0.51875 0.4390625 0.5109375 0.45 0.5078125 0.4765625 0.515625 0.496875 0.51875 0.5 0.5265625 0.5 0.5421875 0.484375 0.540625 0.459375 0.534375 0.4453125
0 0.565625 0.3390625 0.5578125 0.3390625 0.5515625 0.3421875 0.5484375 0.346875 0.546875 0.371875 0.5578125 0.3796875 0.5640625 0.375 0.575 0.353125 0.575 0.3515625
0 0.6125 0.378125 0.6125 0.3859375 0.6078125 0.396875 0.6078125 0.409375 0.615625 0.4234375 0.621875 0.425 0.6296875 0.4203125 0.63125 0.4046875 0.625 0.3890625 0.6203125 0.3875
0 0.5734375 0.4140625 0.5640625 0.434375 0.5640625 0.44375 0.5703125 0.478125 0.5828125 0.4796875 0.5890625 0.471875 0.5921875 0.453125 0.5890625 0.4484375 0.5859375 0.425 0.5796875 0.4140625
0 0.7890625 0.4640625 0.7828125 0.4703125 0.78125 0.484375 0.7890625 0.5234375 0.796875 0.528125 0.8046875 0.5234375 0.80625 0.5171875 0.8109375 0.5109375 0.8109375 0.50625 0.803125 0.490625 0.7984375 0.465625 0.796875 0.4640625
0 0.771875 0.4515625 0.7484375 0.459375 0.7578125 0.4875 0.7703125 0.4765625
0 0.7890625 0.559375 0.784375 0.5671875 0.7765625 0.565625 0.7734375 0.5703125 0.7796875 0.6078125 0.7765625 0.6328125 0.7859375 0.646875 0.7953125 0.6484375 0.803125 0.6328125 0.803125 0.6265625 0.8078125 0.6203125 0.8078125 0.6140625 0.8015625 0.6078125 0.796875 0.5609375
0 0.896875 0.575 0.8875 0.578125 0.8796875 0.575 0.871875 0.578125 0.8625 0.5890625 0.8609375 0.6 0.8546875 0.6078125 0.8546875 0.6171875 0.8625 0.6296875 0.8640625 0.6484375 0.86875 0.665625 0.871875 0.66875 0.8828125 0.66875 0.89375 0.659375 0.89375 0.6390625 0.8984375 0.6109375 0.90625 0.590625 0.90625 0.5859375
0 0.5109375 0.9203125 0.5078125 0.9234375 0.50625 0.9375 0.5078125 0.96875 0.5125 0.971875 0.521875 0.9640625 0.5328125 0.9328125 0.53125 0.9265625 0.5234375 0.9265625
0 0.2171875 0.94375 0.2015625 0.9390625 0.1953125 0.940625 0.1859375 0.971875 0.1859375 0.9828125 0.1890625 0.9859375 0.2125 0.984375 0.21875 0.978125 0.221875 0.95
0 0.6703125 0.88125 0.665625 0.88125 0.659375 0.9171875 0.6625 0.9375 0.6765625 0.928125 0.6828125 0.9078125 0.6828125 0.8890625
0 0.3765625 0.3828125 0.378125 0.4203125 0.390625 0.4234375 0.3953125 0.41875 0.39375 0.3828125
0 0.4578125 0.3875 0.4546875 0.39375 0.45 0.396875 0.45 0.4 0.4625 0.41875 0.46875 0.4390625 0.471875 0.4421875 0.4859375 0.440625 0.4875 0.428125 0.4765625 0.41875 0.471875 0.4015625
0 0.91875 0.85625 0.91875 0.8828125 0.921875 0.8921875 0.928125 0.8984375 0.9421875 0.8859375 0.9421875 0.859375