0 0.14375 0.58125 0.1328125 0.5828125 0.125 0.590625 0.1234375 0.6015625 0.1328125 0.603125 0.1453125 0.59375
0 0.28125 0.5359375 0.271875 0.540625 0.2734375 0.55625 0.2828125 0.5515625
0 0.3078125 0.521875 0.3 0.53125 0.3046875 0.5453125 0.3125 0.5390625
0 0.43125 0.5375 0.4375 0.55625 0.44375 0.5421875
0 0.5 0.546875 0.5 0.5625 0.5109375 0.5609375
0 0.596875 0.565625 0.6015625 0.5828125 0.6078125 0.5734375
0 0.6375 0.565625 0.628125 0.5703125 0.6296875 0.5859375
0 0.6921875 0.5625 0.6953125 0.5921875 0.6984375 0.5640625
0 0.78125 0.6203125 0.771875 0.628125 0.771875 0.6453125 0.78125 0.6421875 0.7859375 0.634375
0 0.8078125 0.6 0.8 0.6015625 0.80625 0.6203125 0.8125 0.6078125
0 0.1859375 0.525 0.175 0.5296875 0.175 0.546875 0.184375 0.540625
0 0.728125 0.5296875 0.7265625 0.54375 0.73125 0.5453125
0 0.76875 0.578125 0.7609375 0.58125 0.7578125 0.5984375 0.771875 0.5921875