0 0.14375 0.5828125 0.1328125 0.5828125 0.1234375 0.6015625 0.140625 0.5984375
0 0.1859375 0.525 0.1734375 0.5328125 0.175 0.5453125 0.1828125 0.5421875
0 0.2828125 0.5359375 0.271875 0.5421875 0.2734375 0.55625 0.2828125 0.55
0 0.3078125 0.521875 0.3015625 0.528125 0.303125 0.5453125 0.3125 0.5390625
0 0.43671875 0.54609375 0.0109375 0.0171875
0 0.5 0.5453125 0.50625 0.5625 0.5109375 0.5484375
0 0.596875 0.5640625 0.5953125 0.578125 0.6 0.5828125 0.6078125 0.5734375
0 0.6375 0.565625 0.628125 0.56875 0.6265625 0.575 0.6296875 0.5859375 0.6375 0.5828125
0 0.6921875 0.5625 0.6953125 0.590625 0.6984375 0.5640625
0 0.784375 0.621875 0.771875 0.628125 0.7703125 0.64375 0.7859375 0.6359375
0 0.8046875 0.6015625 0.8 0.6109375 0.8078125 0.6171875