0 0.4375 0.5403640625 0.4423828125 0.5520828125 0.46484375 0.55859375 0.486328125 0.52734375 0.4833984375 0.5026046875 0.4580078125 0.5130203125 0.4375 0.5403640625
0 0.6748046875 0.4661453125 0.6455078125 0.4739578125 0.6328125 0.48828125 0.6474609375 0.5208328125 0.66796875 0.5325515625 0.6796875 0.5169265625 0.677734375 0.4934890625 0.68359375 0.4856765625 0.6748046875 0.4661453125
1 0.2515625 0.309375 0.259375 0.309375 0.259375 0.3296875 0.2515625 0.3296875
1 0.346875 0.3703125 0.353125 0.3703125 0.353125 0.384375 0.346875 0.384375
1 0.38125 0.365625 0.3875 0.365625 0.3875 0.38125 0.38125 0.38125
1 0.296875 0.3328125 0.303125 0.3328125 0.303125 0.34609375 0.296875 0.34609375
1 0.478125 0.2953125 0.4875 0.2953125 0.4875 0.31953125 0.478125 0.31953125
1 0.5328125 0.346875 0.53828125 0.346875 0.53828125 0.3625 0.5328125 0.3625
1 0.56875 0.3390625 0.57734375 0.3390625 0.57734375 0.353125 0.56875 0.353125
1 0.6046875 0.2875 0.61328125 0.2875 0.61328125 0.3078125 0.6046875 0.3078125
1 0.6515625 0.278125 0.66171875 0.278125 0.66171875 0.29921875 0.6515625 0.29921875