0 0.034375 0.5359375 0.0125 0.546875 0.01875 0.5640625 0.01875 0.5796875 0.0171875 0.58125 0.01875 0.6078125 0.021875 0.615625 0.0296875 0.6234375 0.0453125 0.63125 0.05 0.6375 0.059375 0.6390625 0.0609375 0.6296875 0.0578125 0.615625 0.065625 0.6125 0.0671875 0.6078125 0.0578125 0.5875 0.0546875 0.571875 0.046875 0.5546875 0.0453125 0.5421875 0.040625 0.5359375
0 0.1640625 0.490625 0.1609375 0.5015625 0.15 0.5015625 0.1484375 0.503125 0.153125 0.5265625 0.1484375 0.5421875 0.1515625 0.546875 0.15625 0.5484375 0.1609375 0.553125 0.1671875 0.5515625 0.175 0.5359375 0.1734375 0.5109375
0 0.1828125 0.3015625 0.165625 0.3046875 0.1609375 0.3109375 0.1578125 0.3328125 0.1484375 0.3453125 0.1515625 0.371875 0.1625 0.365625 0.16875 0.36875 0.1734375 0.3453125 0.184375 0.3390625
0 0.215625 0.428125 0.203125 0.4359375 0.2 0.4484375 0.209375 0.459375 0.2125 0.471875 0.2203125 0.475 0.2296875 0.4671875 0.23125 0.4421875
0 0.278125 0.35 0.265625 0.3546875 0.265625 0.365625 0.2734375 0.39375 0.28125 0.4015625 0.2859375 0.4015625 0.2921875 0.3921875 0.29375 0.3828125 0.2828125 0.353125
0 0.3984375 0.234375 0.390625 0.2359375 0.3828125 0.2484375 0.390625 0.2671875 0.4015625 0.265625 0.40625 0.259375 0.40625 0.2453125
0 0.5125 0.21875 0.5046875 0.2203125 0.4828125 0.2375 0.484375 0.2546875 0.4921875 0.265625 0.5 0.2625 0.5109375 0.2625 0.51875 0.2578125 0.5203125 0.253125 0.515625 0.2390625 0.51875 0.2265625
0 0.51875 0.246875 0.50625 0.25 0.503125 0.2625 0.515625 0.2609375
0 0.59375 0.3171875 0.5875 0.3234375 0.5859375 0.3515625 0.5890625 0.359375 0.6078125 0.36875 0.6109375 0.3609375 0.60625 0.340625 0.60625 0.3234375 0.603125 0.31875
0 0.728125 0.3359375 0.725 0.3421875 0.73125 0.371875 0.7390625 0.378125 0.7484375 0.378125 0.7515625 0.375 0.7515625 0.3609375 0.740625 0.334375
0 0.6359375 0.5765625 0.6234375 0.5828125 0.625 0.6328125 0.628125 0.64375 0.634375 0.640625 0.6515625 0.6375 0.65 0.6203125 0.6421875 0.59375 0.6421875 0.5828125
0 0.5421875 0.521875 0.5328125 0.5265625 0.5265625 0.5328125 0.5265625 0.540625 0.53125 0.5515625 0.534375 0.56875 0.5484375 0.58125 0.5578125 0.5828125 0.5625 0.5734375 0.5625 0.5625 0.55 0.5359375 0.5484375 0.5234375