0 0.3734375 0.2828125 0.3703125 0.3234375 0.3828125 0.328125 0.3890625 0.2875 0.3828125 0.2828125
0 0.4375 0.2921875 0.43125 0.296875 0.4359375 0.3109375 0.434375 0.3265625 0.4453125 0.3296875 0.4484375 0.3125 0.4421875 0.29375
0 0.5359375 0.2375 0.5328125 0.2453125 0.5390625 0.259375 0.54375 0.240625
0 0.6046875 0.234375 0.596875 0.2421875 0.596875 0.2515625 0.6109375 0.259375 0.6140625 0.246875
0 0.271875 0.4484375 0.2609375 0.46875 0.2703125 0.4828125 0.2796875 0.484375 0.284375 0.478125 0.278125 0.45
0 0.1140625 0.315625 0.103125 0.325 0.10625 0.334375 0.1125 0.3328125
0 0.125 0.328125 0.11875 0.328125 0.1140625 0.34375
0 0.284375 0.4609375 0.2859375 0.4953125 0.3 0.5015625 0.303125 0.5 0.3015625 0.475
0 0.4796875 0.2140625 0.475 0.215625 0.4765625 0.221875
0 0.5 0.2140625 0.4984375 0.221875 0.5015625 0.221875
0 0.6796875 0.5234375 0.659375 0.521875 0.6546875 0.525 0.6421875 0.58125 0.6484375 0.5890625 0.6625 0.5890625 0.68125 0.5734375 0.68125 0.56875 0.675 0.5609375
0 0.8265625 0.5734375 0.825 0.575 0.8234375 0.603125 0.828125 0.60625 0.846875 0.6015625 0.8515625 0.596875 0.859375 0.5796875 0.84375 0.58125
0 0.13359375 0.18046875 0.0046875 0.0046875
0 0.15625 0.1796875 0.1515625 0.1828125 0.15625 0.1859375
0 0.1640625 0.175 0.1609375 0.18125 0.1671875 0.1875
0 0.1921875 0.20625 0.196875 0.2203125 0.1984375 0.2078125
0 0.20625 0.171875 0.20625 0.1796875 0.209375 0.175
0 0.2140625 0.1734375 0.209375 0.1765625 0.2109375 0.18125