0 0.2046875 0.51875 0.1859375 0.5234375 0.1828125 0.53125 0.1828125 0.5390625 0.1984375 0.5984375 0.2046875 0.6109375 0.2046875 0.6203125 0.215625 0.65 0.2140625 0.6640625 0.215625 0.6671875 0.21875 0.6671875 0.221875 0.6640625 0.2265625 0.665625 0.234375 0.653125 0.2359375 0.6328125 0.23125 0.61875 0.2296875 0.6046875 0.225 0.5953125 0.221875 0.5703125 0.2203125 0.5265625 0.215625 0.521875
0 0.0359375 0.2453125 0.03125 0.25625 0.0265625 0.2796875 0.05 0.3 0.059375 0.3171875 0.065625 0.3234375 0.0703125 0.325 0.0734375 0.3171875 0.0859375 0.3015625 0.078125 0.2875 0.065625 0.271875 0.059375 0.2671875 0.05625 0.2609375 0.0421875 0.246875
0 0.3140625 0.31875 0.3046875 0.33125 0.315625 0.346875 0.3203125 0.346875 0.3265625 0.3421875 0.328125 0.33125
0 0.3921875 0.328125 0.390625 0.365625 0.39375 0.3703125 0.4015625 0.3671875 0.4046875 0.3484375 0.3984375 0.328125
0 0.459375 0.3078125 0.4515625 0.3203125 0.45625 0.334375 0.4625 0.33125 0.4625 0.3109375
0 0.7578125 0.284375 0.75625 0.2953125 0.76875 0.30625 0.7671875 0.2875
0 0.775 0.3109375 0.76875 0.3203125 0.76875 0.340625 0.7765625 0.33125
0 0.8171875 0.2640625 0.809375 0.275 0.8125 0.2890625
0 0.8640625 0.290625 0.8671875 0.3109375 0.8703125 0.3
0 0.909375 0.2140625 0.90625 0.2265625 0.9140625 0.23125
0 0.94375 0.31875 0.9390625 0.328125 0.9484375 0.3390625 0.9515625 0.321875
0 0.440625 0.3546875 0.421875 0.359375 0.4171875 0.36875 0.440625 0.3734375
0 0.56875 0.453125 0.55 0.4625 0.540625 0.4734375 0.546875 0.496875 0.5578125 0.496875 0.575 0.471875 0.575 0.4625